3.0820703506469727
3.0378427505493164
2.922899007797241
3.042475938796997
3.1007957458496094
3.103482961654663
3.0114338397979736
3.103625774383545
2.9848856925964355
2.860144853591919
3.0337352752685547
2.9875659942626953
2.87056040763855
2.982548475265503
3.0258970260620117
3.0237538814544678
2.9203085899353027
3.0048983097076416
2.878074884414673
2.744670867919922
2.9065115451812744
2.861163377761841
2.75449275970459
2.8672657012939453
2.89233136177063
2.896285057067871
2.7985668182373047
2.882335901260376
2.752551317214966
2.6201467514038086
2.7930657863616943
2.7618820667266846
2.6613821983337402
2.7769720554351807
2.798819065093994
2.804661750793457
2.7187952995300293
2.7953367233276367
2.666031837463379
2.5342772006988525
2.703632116317749
2.6922447681427
2.5896055698394775
2.6913323402404785
2.720386028289795
2.725182056427002
2.6493592262268066
2.7184176445007324
2.5927274227142334
2.463010549545288
2.624150037765503
2.6224474906921387
2.5190508365631104
2.612286329269409
2.6425833702087402
2.6520488262176514
2.5761680603027344
2.646907091140747
2.526012420654297
2.3940391540527344
